tMatrix = [0.6229508 0.1693989 0.2076503;
           0.4923077 0.3115385 0.1961538;
           0.5505618 0.2059925 0.2434457];
           
           sState = tMatrix ^ 100;